barcode,count
GTACAAACCTGCAAAT,183098
CAATTAGAAATACATA,172400
AAAAAATTTATGACAA,145971
AACCACCGAGTGACCG,130572
TACCCTGCAAGCCACT,119020
TTATCTGTAGAGCGCT,104464
AACGACAAACAGTAAG,78322
CTTTAAATTATAGTCT,38567
CGTACAGTGTAATCGA,32532
ATTAGATTATAACGTA,29007
CATACAGAGTTTGTTG,27951
TACTAGCAATAAAATC,17556
ATTTTTCTATGGCTAC,11111
TAAAAAGCCTCCATGA,9068
AAGTATTGCTACACAT,6217
CGGGGACAAGATTGTA,5253
TACCAATGTCATTTGA,5172
TATCCAAGGGACGGAC,4155
TCTTAGAGTGAACGAT,3017
CACCACAGTTACTTAA,255
TCAACCCTTCGATGTA,255
ACAGTACAGATATGAC,237
ACCCTTTTAGATATGA,197
TTGCTAGTCTACCTGA,135
TATCAATTCGGTATTA,116
CAAAAGCAGCACGATA,102
TATCCTTGAGTGGCTC,99
TACGACGGAAACAGAA,98
CGCCGAACGGCGGCGC,88
GGTTGCGTAGTTAATC,83
CGCAGTACACAACAAG,81
TTATGATCGAGGTAAA,81
ATTCAATACGTACTTA,77
GCTAATTCCAAAAGCG,77
AGTTATGTAAAACGTG,74
GATTCACGGCCCACAA,72
TAATAACTTGAGATTC,71
GGTTAACTTTGGAAGC,70
CATATTCTAAAATTGA,67
CTTGAATACACAAACA,65
ACAAAGATAAAAATTT,61
GAGATAGCCCAGAGGT,60
GGGTGCAATGAATCCA,60
CCGCAATGACAATTTG,59
AATTAATGGTAATAAA,58
AGACTGTACGCGACAG,58
GATCTGCTTGGAATGT,58
AAATACCCTTGAGATA,57
CCATCACCTTATACAC,57
TAAACAAAACCTATAC,57
GCATCCTTGTGTCGAA,56
CGATCTTTACGAAAAA,55
CGTATAACTGACGATT,55
CGTCAGAAGTTTATAA,55
CCGGTTTTCGGGACCT,54
CGGCTAAAGTCTATAG,54
CTTGTAAAACTATGAT,54
TACTGAGACACTTAAA,54
CTCCAATAGGAGACGA,53
GACCAAAGCTGCAGGG,53
TGCCGATCCAATTGAT,53
TCTTACATTGAAAGGC,51
AGAAAAACGACATCAT,48
CAAGAAATGTAGTGAA,48
GTTATAGAGTGCTTAC,48
TCGCGGTAGATTTGCG,48
ATCGATTCGATTGACG,46
CCACGCACTTAAATAA,46
CTGAAACCTTGTCCTA,46
TTAACCTAACGTATAG,46
TTACGACGTCATGTAT,46
TAAACTGTAACTTACA,45
CGTACGTATGTCCCAG,44
ACGTAAATCCCCACAA,43
TATCGCAATATGATAA,42
CCATATATAAGAAACC,41
CAGTAGCAAAACATGC,40
TGAATTGCGTGATGGG,39
AAGAAATTATGGCAGG,38
AACGACAACCATGAAT,37
GACCAAAAAGCAGTAT,36
AGTGCTATAAAAATCA,34
CACCCAAACGTTCGCA,31
GAAGTAACAAACTATG,28
GAAAATCGAGCTTTAA,27
GACATCAAATAGCAAC,27
GCATTATAATCTTGTG,26
TCAAACTATGATATTC,26
TCGTCCTAGAACCTAA,24
TCCGCCACTATAACAT,23
TTAGCTACTAACCCGT,23
TACCATTTTGGTCCGC,22
CAATTCGCCGTTCCCC,21
CCACAAGTTTGAAAAC,19
TATACTCACGGAGGAT,19
CAGTGCCATCCATCCA,18
AAGCTAATCGTAGTCC,16
GCCGTAGCGAAATCTT,13
CTATCTTAATCTACAG,12
AAAACAGGTCCGGTTT,8
AGGGACTTTATTGTCC,7
AGCTATGCCTAGTGAA,6
CGTTAACGGCCTATCC,6
GCTTTTGAGAACCATT,5
TTACGTCAATGTTTGA,4
CCAATAAAATACGATG,2
TCCAAACAGCGTTAAA,2
AAGAAAACGGAAAGAA,1
GCAACGAGGTGTAACC,1
TACGAAAATCAAGAGC,1
TAGATAATAAGATTCA,1
TTAGCAGTTAACGTAT,1
AAACTTCGTGGTATAC,0
AAAGACCTTTAACTCT,0
AAAGATAAATTCAAAA,0
AAAGTAGCAGAGGATT,0
AAATGCTGAGAGGGTA,0
AAATTCACAATATCCA,0
AAATTTTTCTTTAGAC,0
AACAAGGCCAACATTT,0
AACAATTAATTTTTCA,0
AACCACCCCAGAGATG,0
AACCGTACCGCGTTTA,0
AACGACACTTACATCC,0
AAGCGGTTTAGGTCCA,0
AAGTGGTAGGATAAAA,0
AAGTTGTACTTAAGGC,0
AATAGGCCCAAATCCA,0
AATATACCGGCACTAC,0
AATCCGATAAGAGCTA,0
AATCCGGTTAACCCCG,0
AATCTTTCCAATCTTG,0
AATGACAGCTGTCTAG,0
AATGGTCGAGCCATTC,0
AATTACGCATAGGCCA,0
ACCGTTTTTCTACCAG,0
ACGCAAATAGACCGAA,0
ACGGACAACCTATCGC,0
ACTATACATAGAAGAA,0
ACTGAACAGTATAACT,0
AGACCATCGCACCCAA,0
AGATCATAAGCAATAA,0
AGATGGAGGAATAAAC,0
AGCAGACACTTTACAT,0
AGCATGAGCTTGTCAT,0
AGCTGAATTAAGTATG,0
AGGTGCGAGCCATCAG,0
AGTTCCATAGGCATGG,0
ATAAAGAATCCCTTGA,0
ATAACGTTTGTGCAAA,0
ATAATAATCATCAAGA,0
ATAGAAAATTATCCGC,0
ATAGGATATATGGCTG,0
ATCGAAAAAACTGCAA,0
ATCGTCCCGGACATTT,0
ATGCGTCTAAACATAG,0
ATGGTTATCTTACCTT,0
ATTTACTCATTATACG,0
ATTTATATTGTCGAAC,0
CAAAAAGCTAATAAGT,0
CAACGTGATGAGGAAG,0
CAAGACAAGCCCTATA,0
CAATGGATAATGATAG,0
CACAGACAATAAAAAA,0
CACCGACCAACTCTCT,0
CACCTTCATCCTAAAG,0
CACGTTAGTGAGACTT,0
CAGATAGTGATGAACA,0
CAGCCGCTAAAATGAT,0
CATAAAAGACTGTATA,0
CATAATGCACAAACGC,0
CATCATTATTACAAAG,0
CATTTCTGATGAATTG,0
CCAATCATGTATCACA,0
CCAATCCCAGCCTTTA,0
CCACGTTCATTAGATG,0
CCAGAGACACGCTAGG,0
CCCATATACTCACAGA,0
CCCCAGGTATAAAATA,0
CCCGCTAACCCTGTCT,0
CCCTCCTCAAGGGTAA,0
CCGATAAGACGTCGCT,0
CCGCTATCATTAACCC,0
CCTATAAGGCCTTACG,0
CCTATTATAGCTAACA,0
CGAAAACATTACAAAT,0
CGCAAGGGATACTAAC,0
CGCGAACAACAGGGGA,0
CGCGAATCACTAAGTA,0
CGGGAAATGTAAATGA,0
CGGGAATCTCCCATAC,0
CGTCCCTGGCGTGTCG,0
CTAAGGGCCTGTTCTT,0
CTACACTACATCAAAT,0
CTACTAGAGCAGCGAG,0
CTCATTACAGAAATTG,0
CTGCGAATATTGTGAC,0
CTGTGAAAAAAAATAC,0
CTTACAAAGGTAATTC,0
CTTCATCTCATTTAAA,0
GAAAGAAAGCTATATG,0
GACAGAAACAAAATTA,0
GACCTCCTGGGCACGC,0
GAGCCCGAATAGCAAG,0
GCCCATTGAACGCAGC,0
GCTGAAGACAGTATTA,0
GCTGGTGCACAAGATT,0
GGCAATAAGTTAAATG,0
GGCTATATATCTGTTT,0
GTAATTCGCATGCGGA,0
GTAGAAACTAGGAGTT,0
GTTATTATGACTTCAT,0
GTTTTTCACTGAGTAG,0
TAAAAGAATGATGGTC,0
TAGCTGGGCAAAGGCT,0
TAGTTGCCCCGACCTG,0
TATATGGAATACTAAA,0
TATCATTTCATCTACA,0
TATTATCTAAACGGCG,0
TCAATGAATGCGGGGT,0
TCCACACCCCTAGCTA,0
TCCCCGTGGTTTGACA,0
TCCCGAACTGAACGCG,0
TCCTTTAACTAATCGA,0
TCGATTACTAGCCGGA,0
TCTCCGATAGCCCTAC,0
TCTTAACTACCCGATG,0
TCTTGAATTTCATGGA,0
TGACAAACACCTGAGG,0
TGAGATCAGCCGGGTG,0
TGAGTTCATAGCTCCA,0
TGATCCGCAAGCTTAG,0
TGATTCGTCAATTCAT,0
TGGCTAGCGCACACCA,0
TGTAGTATAAGAATAA,0
TGTTGTAATCTGAATA,0
TTACATTTTTAGAATT,0
TTAGTCATCTGGGTGC,0
TTATAATGGCCGGTAT,0
TTATGTTTTAATGGTA,0
TTCATCAAGTTGGTGC,0
TTGACTCACCGAATAA,0
TTGCAATTGAAACATA,0
TTTACTCGACTAACCG,0
TTTATGCCGATAGAGA,0
TTTCATATAATTTGAG,0
