barcode,count
GTACAAACCTGCAAAT,18568
CAATTAGAAATACATA,15748
AAAAAATTTATGACAA,12469
TACCCTGCAAGCCACT,12316
TTCATCAAGTTGGTGC,11867
ATAACGTTTGTGCAAA,11677
AACCACCGAGTGACCG,11315
TACCAATGTCATTTGA,9852
CGGGGACAAGATTGTA,9850
TTATCTGTAGAGCGCT,9378
CCATATATAAGAAACC,8389
AGATCATAAGCAATAA,8000
TGTTGTAATCTGAATA,7928
CTTGTAAAACTATGAT,7907
TATTATCTAAACGGCG,7898
GACCAAAAAGCAGTAT,7445
TATCCAAGGGACGGAC,7282
GTAATTCGCATGCGGA,7267
TACCATTTTGGTCCGC,6979
CATATTCTAAAATTGA,6654
CTGAAACCTTGTCCTA,6654
AAGCTAATCGTAGTCC,6485
AGCTGAATTAAGTATG,6369
CAAGAAATGTAGTGAA,6320
GAAAATCGAGCTTTAA,5939
TATCATTTCATCTACA,5893
TACGACGGAAACAGAA,5879
AAACTTCGTGGTATAC,5842
AGTTCCATAGGCATGG,5840
AACGACAAACAGTAAG,5807
TGAGTTCATAGCTCCA,5786
ACTGAACAGTATAACT,5765
TGATTCGTCAATTCAT,5748
GCTAATTCCAAAAGCG,5746
CCCCAGGTATAAAATA,5642
TAAAAAGCCTCCATGA,5634
CATTTCTGATGAATTG,5538
GAAAGAAAGCTATATG,5205
CCAATAAAATACGATG,5168
GACATCAAATAGCAAC,5145
TAGATAATAAGATTCA,5115
CCACGTTCATTAGATG,4959
TAGCTGGGCAAAGGCT,4952
TACGAAAATCAAGAGC,4619
ATTAGATTATAACGTA,4607
CCCATATACTCACAGA,4510
TTAGTCATCTGGGTGC,4486
GCTTTTGAGAACCATT,4396
GTTTTTCACTGAGTAG,4345
TCAACCCTTCGATGTA,4293
AAATACCCTTGAGATA,4274
AATTACGCATAGGCCA,4270
TCGATTACTAGCCGGA,4244
CCACAAGTTTGAAAAC,4190
ATGGTTATCTTACCTT,4181
TCTTACATTGAAAGGC,4152
CAGTAGCAAAACATGC,4129
CGAAAACATTACAAAT,3927
GCATTATAATCTTGTG,3879
TTACGTCAATGTTTGA,3848
GTTATTATGACTTCAT,3818
GCATCCTTGTGTCGAA,3784
CCGCTATCATTAACCC,3776
AATATACCGGCACTAC,3766
TGTAGTATAAGAATAA,3707
CGCAAGGGATACTAAC,3642
CAGTGCCATCCATCCA,3500
CAGATAGTGATGAACA,3493
AATCCGATAAGAGCTA,3490
AACGACAACCATGAAT,3435
CTTTAAATTATAGTCT,3410
TCCAAACAGCGTTAAA,3397
CACCTTCATCCTAAAG,3329
GGTTGCGTAGTTAATC,3318
TCAATGAATGCGGGGT,3302
CCGATAAGACGTCGCT,3296
CCACGCACTTAAATAA,3291
AGATGGAGGAATAAAC,3268
TTTATGCCGATAGAGA,3200
CGTATAACTGACGATT,3196
AAATTCACAATATCCA,3187
AATTAATGGTAATAAA,3169
AACCGTACCGCGTTTA,3136
CTAAGGGCCTGTTCTT,3100
CTTGAATACACAAACA,3099
CAAAAAGCTAATAAGT,3094
GCCCATTGAACGCAGC,3084
GCTGGTGCACAAGATT,3039
TAATAACTTGAGATTC,3028
CTTACAAAGGTAATTC,2980
ATTTACTCATTATACG,2934
TTGACTCACCGAATAA,2931
TATCGCAATATGATAA,2904
AGAAAAACGACATCAT,2886
AAAGATAAATTCAAAA,2885
GCCGTAGCGAAATCTT,2881
AAATGCTGAGAGGGTA,2875
TTAACCTAACGTATAG,2832
CACCACAGTTACTTAA,2797
TAAACTGTAACTTACA,2774
CTACACTACATCAAAT,2763
ACAGTACAGATATGAC,2727
GAGCCCGAATAGCAAG,2664
CGTACAGTGTAATCGA,2650
TTTACTCGACTAACCG,2597
ATTTTTCTATGGCTAC,2538
AAGAAATTATGGCAGG,2509
CATACAGAGTTTGTTG,2499
CCATCACCTTATACAC,2466
ACCGTTTTTCTACCAG,2395
GATCTGCTTGGAATGT,2390
ATTCAATACGTACTTA,2367
TCTTGAATTTCATGGA,2345
GTTATAGAGTGCTTAC,2339
TACTGAGACACTTAAA,2328
CAGCCGCTAAAATGAT,2326
GGTTAACTTTGGAAGC,2325
CGTCAGAAGTTTATAA,2323
GAGATAGCCCAGAGGT,2313
ACAAAGATAAAAATTT,2309
CACCCAAACGTTCGCA,2280
AAGTTGTACTTAAGGC,2270
TCAAACTATGATATTC,2270
CAATGGATAATGATAG,2242
GACCTCCTGGGCACGC,2220
ATAAAGAATCCCTTGA,2209
ATCGATTCGATTGACG,2174
TTGCAATTGAAACATA,2166
AAGTGGTAGGATAAAA,2160
AAGAAAACGGAAAGAA,2142
TGGCTAGCGCACACCA,2138
TTATAATGGCCGGTAT,2117
TTATGATCGAGGTAAA,2088
AGCATGAGCTTGTCAT,2079
AAAGACCTTTAACTCT,2071
CCAATCATGTATCACA,2044
TCTTAGAGTGAACGAT,1986
ATTTATATTGTCGAAC,1973
TATCCTTGAGTGGCTC,1959
AAATTTTTCTTTAGAC,1908
TCGCGGTAGATTTGCG,1894
CAACGTGATGAGGAAG,1867
TCCCGAACTGAACGCG,1863
AGACTGTACGCGACAG,1860
ATCGAAAAAACTGCAA,1849
TACTAGCAATAAAATC,1843
TCCTTTAACTAATCGA,1831
TGAATTGCGTGATGGG,1812
GACAGAAACAAAATTA,1806
ACGGACAACCTATCGC,1796
TGAGATCAGCCGGGTG,1792
TTACGACGTCATGTAT,1779
ATCGTCCCGGACATTT,1770
TGCCGATCCAATTGAT,1769
AATAGGCCCAAATCCA,1761
CTGTGAAAAAAAATAC,1720
CTATCTTAATCTACAG,1704
CATCATTATTACAAAG,1671
CGCGAATCACTAAGTA,1641
TCCACACCCCTAGCTA,1637
TTATGTTTTAATGGTA,1628
GGCAATAAGTTAAATG,1604
CACGTTAGTGAGACTT,1594
AAGTATTGCTACACAT,1592
ATGCGTCTAAACATAG,1587
AGTTATGTAAAACGTG,1580
AACGACACTTACATCC,1576
TTAGCTACTAACCCGT,1571
CTGCGAATATTGTGAC,1547
TAAAAGAATGATGGTC,1540
TTTCATATAATTTGAG,1515
AACAAGGCCAACATTT,1513
GCTGAAGACAGTATTA,1508
TATCAATTCGGTATTA,1460
AAAACAGGTCCGGTTT,1442
GCAACGAGGTGTAACC,1399
ACTATACATAGAAGAA,1361
CGGGAAATGTAAATGA,1334
TATACTCACGGAGGAT,1327
CCGGTTTTCGGGACCT,1264
TCTTAACTACCCGATG,1253
AGGGACTTTATTGTCC,1249
CGCAGTACACAACAAG,1232
CAAGACAAGCCCTATA,1204
CGATCTTTACGAAAAA,1163
GGGTGCAATGAATCCA,1142
CACAGACAATAAAAAA,1129
CGGCTAAAGTCTATAG,1111
TAAACAAAACCTATAC,991
AGGTGCGAGCCATCAG,934
CTTCATCTCATTTAAA,903
ATAATAATCATCAAGA,885
GGCTATATATCTGTTT,883
AACAATTAATTTTTCA,854
CGCGAACAACAGGGGA,846
TTAGCAGTTAACGTAT,832
TCGTCCTAGAACCTAA,807
CCAGAGACACGCTAGG,805
CTCATTACAGAAATTG,764
GAAGTAACAAACTATG,756
ACCCTTTTAGATATGA,753
TTGCTAGTCTACCTGA,725
CGGGAATCTCCCATAC,693
AACCACCCCAGAGATG,661
CATAAAAGACTGTATA,585
ATAGGATATATGGCTG,564
TTACATTTTTAGAATT,554
CAATTCGCCGTTCCCC,544
CACCGACCAACTCTCT,543
AATGGTCGAGCCATTC,542
AAGCGGTTTAGGTCCA,522
AGTGCTATAAAAATCA,500
CTACTAGAGCAGCGAG,489
TAGTTGCCCCGACCTG,467
GTAGAAACTAGGAGTT,460
AATCCGGTTAACCCCG,450
TGATCCGCAAGCTTAG,421
AGCAGACACTTTACAT,401
ACGTAAATCCCCACAA,397
AGCTATGCCTAGTGAA,346
AATGACAGCTGTCTAG,327
TCCCCGTGGTTTGACA,322
CCTATTATAGCTAACA,316
GACCAAAGCTGCAGGG,289
ATAGAAAATTATCCGC,254
CGCCGAACGGCGGCGC,254
AATCTTTCCAATCTTG,234
TGACAAACACCTGAGG,215
TCCGCCACTATAACAT,153
CATAATGCACAAACGC,133
CCCGCTAACCCTGTCT,95
GATTCACGGCCCACAA,95
CCGCAATGACAATTTG,94
ACGCAAATAGACCGAA,93
CCTATAAGGCCTTACG,86
CGTACGTATGTCCCAG,78
CAAAAGCAGCACGATA,62
CCAATCCCAGCCTTTA,52
CTCCAATAGGAGACGA,46
CGTTAACGGCCTATCC,24
AAAGTAGCAGAGGATT,8
CCCTCCTCAAGGGTAA,6
AGACCATCGCACCCAA,0
CGTCCCTGGCGTGTCG,0
TATATGGAATACTAAA,0
TCTCCGATAGCCCTAC,0
