barcode,count
CGGGGACAAGATTGTA,15974
CGTACAGTGTAATCGA,15734
TACCAATGTCATTTGA,15155
TAAAAAGCCTCCATGA,14536
TCGATTACTAGCCGGA,14039
ATTTTTCTATGGCTAC,13510
TATACTCACGGAGGAT,13158
GGTTAACTTTGGAAGC,13087
AGCTGAATTAAGTATG,12310
TGAGTTCATAGCTCCA,11700
GCTAATTCCAAAAGCG,10717
ATTAGATTATAACGTA,10340
CCAATAAAATACGATG,10124
AAGTATTGCTACACAT,9806
CGCGAACAACAGGGGA,9055
CTATCTTAATCTACAG,9016
TACTAGCAATAAAATC,8888
GTACAAACCTGCAAAT,8108
CAAGAAATGTAGTGAA,8094
GCAACGAGGTGTAACC,8077
CGGGAAATGTAAATGA,7960
TCTTAGAGTGAACGAT,7955
GAAAATCGAGCTTTAA,7484
TATCCAAGGGACGGAC,7427
CTGAAACCTTGTCCTA,7420
GCATTATAATCTTGTG,7291
AGTTCCATAGGCATGG,7149
CCGCTATCATTAACCC,7036
TAGATAATAAGATTCA,6653
TTGCTAGTCTACCTGA,6652
CAATTAGAAATACATA,6632
CTTGTAAAACTATGAT,6485
GTAATTCGCATGCGGA,6436
TTAACCTAACGTATAG,6224
TAAAAGAATGATGGTC,6185
TTAGTCATCTGGGTGC,6131
AACCACCGAGTGACCG,6086
GCTTTTGAGAACCATT,6068
GGTTGCGTAGTTAATC,6066
GTTATTATGACTTCAT,6059
CCACAAGTTTGAAAAC,5959
ATTTACTCATTATACG,5889
AAAAAATTTATGACAA,5616
TACCCTGCAAGCCACT,5368
CGCAGTACACAACAAG,5296
GACATCAAATAGCAAC,5291
CAGATAGTGATGAACA,5279
TTGCAATTGAAACATA,5202
ACTGAACAGTATAACT,5116
AGTTATGTAAAACGTG,5116
GAAAGAAAGCTATATG,5080
TGTAGTATAAGAATAA,4963
ATAGGATATATGGCTG,4937
CACAGACAATAAAAAA,4889
TCAATGAATGCGGGGT,4873
AATTAATGGTAATAAA,4824
GACCAAAAAGCAGTAT,4774
TACGACGGAAACAGAA,4653
TGATTCGTCAATTCAT,4598
TCTTGAATTTCATGGA,4448
TTTCATATAATTTGAG,4338
CACCACAGTTACTTAA,4329
TACCATTTTGGTCCGC,4325
GAGATAGCCCAGAGGT,4276
CATATTCTAAAATTGA,4227
TATCATTTCATCTACA,4142
AACGACAACCATGAAT,4094
AGATGGAGGAATAAAC,4002
TTATCTGTAGAGCGCT,3966
GATCTGCTTGGAATGT,3950
GTTTTTCACTGAGTAG,3888
CGAAAACATTACAAAT,3872
TGAGATCAGCCGGGTG,3817
TTAGCTACTAACCCGT,3751
TACGAAAATCAAGAGC,3673
TATCAATTCGGTATTA,3638
AGACTGTACGCGACAG,3482
TAGCTGGGCAAAGGCT,3479
CTTGAATACACAAACA,3469
TTCATCAAGTTGGTGC,3462
AGATCATAAGCAATAA,3432
CTAAGGGCCTGTTCTT,3396
ACGCAAATAGACCGAA,3325
GACCTCCTGGGCACGC,3282
AAAGACCTTTAACTCT,3280
TCTTAACTACCCGATG,3228
CGTATAACTGACGATT,3215
CGCAAGGGATACTAAC,3150
AATATACCGGCACTAC,3129
GCCGTAGCGAAATCTT,3126
GCCCATTGAACGCAGC,3098
CCATATATAAGAAACC,3079
AACGACAAACAGTAAG,3059
ATAAAGAATCCCTTGA,2987
AGGTGCGAGCCATCAG,2956
TCGCGGTAGATTTGCG,2920
CATTTCTGATGAATTG,2880
CCCCAGGTATAAAATA,2802
TATCCTTGAGTGGCTC,2756
ACAGTACAGATATGAC,2754
CTACTAGAGCAGCGAG,2745
GTTATAGAGTGCTTAC,2708
GCATCCTTGTGTCGAA,2679
ATCGAAAAAACTGCAA,2653
TTATGTTTTAATGGTA,2635
CAGTGCCATCCATCCA,2571
ATTTATATTGTCGAAC,2512
GCTGAAGACAGTATTA,2492
TAATAACTTGAGATTC,2424
ACGTAAATCCCCACAA,2411
AGCATGAGCTTGTCAT,2398
TCCCCGTGGTTTGACA,2394
CCACGCACTTAAATAA,2375
TCTTACATTGAAAGGC,2364
CAATGGATAATGATAG,2274
TATTATCTAAACGGCG,2270
GGGTGCAATGAATCCA,2200
TCCAAACAGCGTTAAA,2174
TTGACTCACCGAATAA,2166
AGCTATGCCTAGTGAA,2156
ACCGTTTTTCTACCAG,2153
ATTCAATACGTACTTA,2146
AACGACACTTACATCC,2115
AATCCGGTTAACCCCG,2098
CAAAAAGCTAATAAGT,2054
ATCGATTCGATTGACG,2028
AACAAGGCCAACATTT,2016
CATAATGCACAAACGC,1997
TCAAACTATGATATTC,1991
AAGTTGTACTTAAGGC,1948
TATCGCAATATGATAA,1935
AAGAAAACGGAAAGAA,1934
TTATGATCGAGGTAAA,1927
AATAGGCCCAAATCCA,1918
AACCGTACCGCGTTTA,1914
CCGATAAGACGTCGCT,1898
AACCACCCCAGAGATG,1859
AAGCGGTTTAGGTCCA,1852
CTACACTACATCAAAT,1851
TAAACAAAACCTATAC,1841
AATTACGCATAGGCCA,1837
ATAGAAAATTATCCGC,1816
CCATCACCTTATACAC,1769
CCACGTTCATTAGATG,1768
CCGCAATGACAATTTG,1710
TAAACTGTAACTTACA,1707
ATAACGTTTGTGCAAA,1692
AAGAAATTATGGCAGG,1676
CCGGTTTTCGGGACCT,1651
GCTGGTGCACAAGATT,1636
CTTTAAATTATAGTCT,1629
TCCACACCCCTAGCTA,1620
CCTATTATAGCTAACA,1610
AATCTTTCCAATCTTG,1582
GAGCCCGAATAGCAAG,1581
AAATGCTGAGAGGGTA,1556
GGCAATAAGTTAAATG,1549
ACAAAGATAAAAATTT,1543
CCAGAGACACGCTAGG,1538
TGCCGATCCAATTGAT,1469
CATAAAAGACTGTATA,1425
CCCATATACTCACAGA,1405
TGTTGTAATCTGAATA,1394
CACCCAAACGTTCGCA,1357
AACAATTAATTTTTCA,1313
AAGCTAATCGTAGTCC,1302
GTAGAAACTAGGAGTT,1292
CGGGAATCTCCCATAC,1278
GACAGAAACAAAATTA,1254
AGCAGACACTTTACAT,1246
AGTGCTATAAAAATCA,1225
ATGCGTCTAAACATAG,1206
GACCAAAGCTGCAGGG,1200
AATCCGATAAGAGCTA,1187
TGGCTAGCGCACACCA,1175
AAACTTCGTGGTATAC,1173
TCCTTTAACTAATCGA,1164
ATCGTCCCGGACATTT,1127
CATACAGAGTTTGTTG,1090
CAATTCGCCGTTCCCC,1048
TCGTCCTAGAACCTAA,1041
TACTGAGACACTTAAA,1034
CTGTGAAAAAAAATAC,996
AAATTCACAATATCCA,929
AAAACAGGTCCGGTTT,921
AGACCATCGCACCCAA,886
ACGGACAACCTATCGC,879
AATGACAGCTGTCTAG,841
TCAACCCTTCGATGTA,822
CATCATTATTACAAAG,820
TGAATTGCGTGATGGG,798
CGCGAATCACTAAGTA,769
TGATCCGCAAGCTTAG,707
CAAGACAAGCCCTATA,697
AAATTTTTCTTTAGAC,694
CACCTTCATCCTAAAG,683
AGGGACTTTATTGTCC,672
CGGCTAAAGTCTATAG,669
CACGTTAGTGAGACTT,648
TTACGACGTCATGTAT,643
CGATCTTTACGAAAAA,629
AAGTGGTAGGATAAAA,628
TAGTTGCCCCGACCTG,619
TTTACTCGACTAACCG,583
AGAAAAACGACATCAT,582
GGCTATATATCTGTTT,553
AAATACCCTTGAGATA,539
ATAATAATCATCAAGA,539
ACTATACATAGAAGAA,497
TTACATTTTTAGAATT,486
CGTACGTATGTCCCAG,466
CGCCGAACGGCGGCGC,461
CTTACAAAGGTAATTC,461
GAAGTAACAAACTATG,452
CAGTAGCAAAACATGC,426
CTTCATCTCATTTAAA,407
CAGCCGCTAAAATGAT,346
TCCCGAACTGAACGCG,345
CCAATCATGTATCACA,323
CCAATCCCAGCCTTTA,293
TTACGTCAATGTTTGA,254
CTCCAATAGGAGACGA,228
ACCCTTTTAGATATGA,213
TTATAATGGCCGGTAT,198
TTTATGCCGATAGAGA,198
AATGGTCGAGCCATTC,161
AAAGTAGCAGAGGATT,157
CCCTCCTCAAGGGTAA,132
CAAAAGCAGCACGATA,121
CACCGACCAACTCTCT,91
CGTTAACGGCCTATCC,86
CCTATAAGGCCTTACG,84
GATTCACGGCCCACAA,80
TCCGCCACTATAACAT,61
CGTCAGAAGTTTATAA,24
TTAGCAGTTAACGTAT,24
CAACGTGATGAGGAAG,15
CTGCGAATATTGTGAC,6
AAAGATAAATTCAAAA,3
TGACAAACACCTGAGG,3
ATGGTTATCTTACCTT,0
CCCGCTAACCCTGTCT,0
CGTCCCTGGCGTGTCG,0
CTCATTACAGAAATTG,0
TATATGGAATACTAAA,0
TCTCCGATAGCCCTAC,0
