barcode,count
GCATTATAATCTTGTG,29861
CTATCTTAATCTACAG,18174
GTTATTATGACTTCAT,17332
CGTACAGTGTAATCGA,17138
TCGATTACTAGCCGGA,16878
TTGCTAGTCTACCTGA,16220
TAAAAGAATGATGGTC,15592
AGCTGAATTAAGTATG,15503
CGGGGACAAGATTGTA,15303
ATTAGATTATAACGTA,14364
ATTTTTCTATGGCTAC,14327
TAAAAAGCCTCCATGA,14111
GCTAATTCCAAAAGCG,13761
TACCAATGTCATTTGA,13247
CGCAGTACACAACAAG,12983
AGTTATGTAAAACGTG,12889
AAGTATTGCTACACAT,12265
TATCCAAGGGACGGAC,12221
CAATTAGAAATACATA,12045
GTACAAACCTGCAAAT,11971
TTAACCTAACGTATAG,11678
CCAATAAAATACGATG,11621
AACCACCGAGTGACCG,10926
CTGAAACCTTGTCCTA,10664
TACCCTGCAAGCCACT,9947
CTTGTAAAACTATGAT,9879
TTAGTCATCTGGGTGC,9878
CACCACAGTTACTTAA,9689
TGTAGTATAAGAATAA,9569
AAAAAATTTATGACAA,9468
GGTTGCGTAGTTAATC,8868
ACGTAAATCCCCACAA,8402
TATCAATTCGGTATTA,8355
GTTTTTCACTGAGTAG,7937
CTTGAATACACAAACA,7643
CAAGAAATGTAGTGAA,7636
TCTTAGAGTGAACGAT,7432
GACCAAAAAGCAGTAT,7211
TATCCTTGAGTGGCTC,7206
TCAATGAATGCGGGGT,7157
AATCCGGTTAACCCCG,7011
TTAGCTACTAACCCGT,6970
ACTGAACAGTATAACT,6919
GCTGAAGACAGTATTA,6849
CCACAAGTTTGAAAAC,6818
TTATCTGTAGAGCGCT,6718
AATTAATGGTAATAAA,6346
CAATGGATAATGATAG,6231
GAAAATCGAGCTTTAA,6184
TTATGTTTTAATGGTA,6141
TCTTAACTACCCGATG,5950
GACATCAAATAGCAAC,5937
TAGATAATAAGATTCA,5867
GCCGTAGCGAAATCTT,5798
GCTTTTGAGAACCATT,5683
CATATTCTAAAATTGA,5609
AACGACAAACAGTAAG,5528
CGCGAACAACAGGGGA,5514
TACTAGCAATAAAATC,5421
CGTATAACTGACGATT,5386
TCTTACATTGAAAGGC,5359
TATCATTTCATCTACA,5334
AATTACGCATAGGCCA,5321
GAAAGAAAGCTATATG,5312
TACGACGGAAACAGAA,5291
TGCCGATCCAATTGAT,5237
TGATTCGTCAATTCAT,5194
CAGTGCCATCCATCCA,5089
TTGCAATTGAAACATA,4992
ACAGTACAGATATGAC,4856
TAGCTGGGCAAAGGCT,4793
GAGATAGCCCAGAGGT,4714
AGATCATAAGCAATAA,4541
CCATATATAAGAAACC,4480
GATCTGCTTGGAATGT,4386
AGCATGAGCTTGTCAT,4343
GTTATAGAGTGCTTAC,4339
AGATGGAGGAATAAAC,4292
AGCTATGCCTAGTGAA,4171
CATTTCTGATGAATTG,4121
CGCAAGGGATACTAAC,3963
TAAACTGTAACTTACA,3774
TGAGATCAGCCGGGTG,3761
CGGCTAAAGTCTATAG,3760
TGAATTGCGTGATGGG,3731
TCGCGGTAGATTTGCG,3697
TCAACCCTTCGATGTA,3636
AAAACAGGTCCGGTTT,3619
AACAAGGCCAACATTT,3613
TTTCATATAATTTGAG,3540
ACCGTTTTTCTACCAG,3432
AATATACCGGCACTAC,3425
AAGAAAACGGAAAGAA,3418
CTAAGGGCCTGTTCTT,3410
TTTACTCGACTAACCG,3372
CCCATATACTCACAGA,3368
CTTTAAATTATAGTCT,3295
TACTGAGACACTTAAA,3280
TATTATCTAAACGGCG,3248
AATCTTTCCAATCTTG,3235
ATCGAAAAAACTGCAA,3214
TTGACTCACCGAATAA,3113
TACGAAAATCAAGAGC,3024
AGACTGTACGCGACAG,2983
CTACACTACATCAAAT,2960
CACGTTAGTGAGACTT,2867
CATCATTATTACAAAG,2811
AAGAAATTATGGCAGG,2801
AAGTTGTACTTAAGGC,2801
CACCCAAACGTTCGCA,2733
TACCATTTTGGTCCGC,2688
GCATCCTTGTGTCGAA,2682
TAATAACTTGAGATTC,2668
CAATTCGCCGTTCCCC,2635
AACGACAACCATGAAT,2620
CAAAAAGCTAATAAGT,2612
TCGTCCTAGAACCTAA,2609
TGAGTTCATAGCTCCA,2609
CCGGTTTTCGGGACCT,2584
AGGTGCGAGCCATCAG,2567
CCGCTATCATTAACCC,2540
ATAAAGAATCCCTTGA,2526
AGGGACTTTATTGTCC,2484
TAAACAAAACCTATAC,2454
GCAACGAGGTGTAACC,2425
GAGCCCGAATAGCAAG,2414
GGCAATAAGTTAAATG,2396
AAGCTAATCGTAGTCC,2386
AAGTGGTAGGATAAAA,2364
GACCAAAGCTGCAGGG,2327
GTAGAAACTAGGAGTT,2324
ATTCAATACGTACTTA,2321
CCACGCACTTAAATAA,2291
CCAATCATGTATCACA,2281
ATTTATATTGTCGAAC,2254
CAGTAGCAAAACATGC,2218
AGCAGACACTTTACAT,2160
TTACGACGTCATGTAT,2121
TCCTTTAACTAATCGA,2065
AAATTTTTCTTTAGAC,2063
AGTGCTATAAAAATCA,2060
CCGCAATGACAATTTG,2052
CATAATGCACAAACGC,1997
GAAGTAACAAACTATG,1976
ACTATACATAGAAGAA,1944
ATAATAATCATCAAGA,1936
TCAAACTATGATATTC,1936
CCGATAAGACGTCGCT,1902
AAATACCCTTGAGATA,1881
TTAGCAGTTAACGTAT,1861
AACAATTAATTTTTCA,1849
GACCTCCTGGGCACGC,1825
CTACTAGAGCAGCGAG,1806
AACGACACTTACATCC,1771
ATGGTTATCTTACCTT,1757
CGCGAATCACTAAGTA,1756
CTGCGAATATTGTGAC,1747
GGGTGCAATGAATCCA,1696
CATACAGAGTTTGTTG,1682
CCCCAGGTATAAAATA,1670
AATAGGCCCAAATCCA,1665
ATCGATTCGATTGACG,1648
AGTTCCATAGGCATGG,1624
CCATCACCTTATACAC,1573
TTTATGCCGATAGAGA,1570
TTATGATCGAGGTAAA,1533
TCCACACCCCTAGCTA,1512
AGAAAAACGACATCAT,1487
TCCAAACAGCGTTAAA,1478
TATCGCAATATGATAA,1446
ACCCTTTTAGATATGA,1436
TCTTGAATTTCATGGA,1435
CACCTTCATCCTAAAG,1415
CCAGAGACACGCTAGG,1407
GACAGAAACAAAATTA,1402
AATCCGATAAGAGCTA,1398
ACGGACAACCTATCGC,1396
TTACGTCAATGTTTGA,1346
CTTACAAAGGTAATTC,1303
CAACGTGATGAGGAAG,1271
ATGCGTCTAAACATAG,1252
CAAGACAAGCCCTATA,1222
ATCGTCCCGGACATTT,1211
ACAAAGATAAAAATTT,1203
ATAGGATATATGGCTG,1191
TAGTTGCCCCGACCTG,1152
AAATGCTGAGAGGGTA,1091
CGGGAAATGTAAATGA,1057
GCCCATTGAACGCAGC,1035
TGTTGTAATCTGAATA,1027
AAGCGGTTTAGGTCCA,1010
CCACGTTCATTAGATG,977
CTGTGAAAAAAAATAC,965
CGTCAGAAGTTTATAA,913
CAAAAGCAGCACGATA,909
CTCCAATAGGAGACGA,895
CAGCCGCTAAAATGAT,890
CGATCTTTACGAAAAA,873
TGATCCGCAAGCTTAG,840
TGGCTAGCGCACACCA,836
CGCCGAACGGCGGCGC,835
GGCTATATATCTGTTT,804
AAACTTCGTGGTATAC,785
GATTCACGGCCCACAA,756
CACCGACCAACTCTCT,722
CCTATTATAGCTAACA,698
CTTCATCTCATTTAAA,665
AGACCATCGCACCCAA,645
GGTTAACTTTGGAAGC,639
ATAACGTTTGTGCAAA,620
ATTTACTCATTATACG,593
TTATAATGGCCGGTAT,566
TTACATTTTTAGAATT,557
TATACTCACGGAGGAT,530
CCAATCCCAGCCTTTA,517
AACCGTACCGCGTTTA,477
TGACAAACACCTGAGG,461
AAAGATAAATTCAAAA,444
CTCATTACAGAAATTG,429
AACCACCCCAGAGATG,396
GCTGGTGCACAAGATT,303
GTAATTCGCATGCGGA,272
AATGACAGCTGTCTAG,268
AATGGTCGAGCCATTC,265
CACAGACAATAAAAAA,254
TCCCGAACTGAACGCG,228
AAATTCACAATATCCA,226
CGTTAACGGCCTATCC,217
AAAGTAGCAGAGGATT,172
CGTACGTATGTCCCAG,150
CATAAAAGACTGTATA,137
CCCGCTAACCCTGTCT,115
CGAAAACATTACAAAT,97
TCCGCCACTATAACAT,95
CCTATAAGGCCTTACG,92
TTCATCAAGTTGGTGC,58
TCCCCGTGGTTTGACA,49
ATAGAAAATTATCCGC,47
AAAGACCTTTAACTCT,32
CAGATAGTGATGAACA,30
ACGCAAATAGACCGAA,11
CCCTCCTCAAGGGTAA,4
CGGGAATCTCCCATAC,3
CGTCCCTGGCGTGTCG,0
TATATGGAATACTAAA,0
TCTCCGATAGCCCTAC,0
